eps: 0.1
100	110	120	130	140	150	160	170	180	190	200	
OneStream 
utility: 
1543.88	1573.38	1589.61	1632.57	1680.4	1709.73	1738.17	1752.08	1783.64	1806.29	1812.63	
query: 
1584	1584	1584	1584	1584	1584	1584	1584	1584	1584	1584	
memory: 
37	39	41	44	47	49	51	53	55	58	59	
MultiStream 
utility: 
1658.08	1674.65	1719.77	1754.21	1767.6	1823.04	1823.04	1886.65	1920.42	1920.42	1940.22	
query: 
23173	24011	24852	24861	25617	26474	26474	25802	26546	25901	26644	
memory: 
252	288	327	327	369	415	415	414	471	470	529	
SmkStream 
utility: 
1635.7	1674.65	1690.41	1732.12	1767.6	1788.01	1810.93	1848.11	1893.57	1909.97	1920.42	
query: 
50841	52548	53514	55208	56146	57074	58016	58957	59874	60073	60978	
memory: 
529	602	639	717	760	804	850	899	953	953	1009	
DynamicMRT 
utility: 
1519.8	1545.78	1659.38	1672.96	1692.94	1675.81	1727.6	1821.74	1860.09	1871.35	1882.04	
query: 
42758	43550	44342	44590	45144	45927	46718	46728	47511	47520	48303	
memory: 
1021	1132	1274	1401	1523	1650	1772	1914	2041	2177	2307	
