eps: 0.1
max node: 
500	550	600	650	700	750	800	850	900	950	1000	
OneStream 
utility: 
32420	33544	34404	35396	36203	36749	37424	38211	38900	39330	39805	
query: 
530428	530428	530428	530428	530428	530428	530428	530428	530428	530428	530428	
memory: 
186	201	211	224	233	243	250	262	273	280	289	
MultiStream 
utility: 
36953	38212	39630	40190	41491	41550	43030	43188	43188	44080	44080	
query: 
6367378	6629984	6633298	6898367	6898849	7163887	7164405	7429423	7429545	7694967	7695084	
memory: 
1467	1703	1713	1978	1978	2268	2268	2591	2591	2933	2933	
SmkStream 
utility: 
36996	38184	39196	39759	40649	41491	42091	42565	42992	43522	43943	
query: 
13270545	13801456	14067307	14333129	14598916	14864681	15130361	15396068	15661729	15927390	16193003	
memory: 
2917	3369	3618	3875	4142	4421	4710	5014	5333	5663	6003	
DynamicMRT 
utility: 
33482	34892	34979	38378	38387	38419	39788	41708	42215	42216	42258	
query: 
16043837	16269246	16494587	16494664	16720071	16945480	17170882	17170889	17396292	17396300	17621707	
memory: 
10450	11628	12787	14016	15178	16364	17558	18760	20013	21200	22380	
