eps: 0.1
max node: 
500	550	600	650	700	750	800	850	900	950	1000	
OneStream 
utility: 
28647	29554	30129	30720	31229	31636	32289	32836	33131	33339	33761	
query: 
263656	263656	263656	263656	263656	263656	263656	263656	263656	263656	263656	
memory: 
182	199	211	226	235	249	264	280	289	298	307	
MultiStream 
utility: 
32514	32647	33718	34471	34522	35775	35820	36793	36835	36835	37584	
query: 
3975361	4107897	4110594	3979575	4114108	3985574	4117923	3986886	4121986	4122965	4126113	
memory: 
1428	1636	1868	1864	2120	2116	2410	2405	2735	2735	3083	
SmkStream 
revenue: 
32054	32638	33297	33943	34363	34971	35539	35975	36576	36894	37304	
query: 
9281697	9550530	9687320	9955676	10092337	10228798	10365355	10501640	10637959	10773893	10909935	
memory: 
3045	3453	3674	4148	4403	4674	4965	5267	5588	5921	6269	
DynamicMRT 
revenue: 
31758	31717	31795	33142	34890	34890	34891	34957	35186	36141	37427	
query: 
6708771	6804089	6899407	6994724	7090039	7090189	7185361	7280678	7280679	7375996	7376143	
memory: 
8428	9326	10219	11143	12119	13057	13969	14895	15833	16764	17734	
