15
72
97
165
174
310
517
708
794
810
811
823
847
875
884
953
963
1019
1024
1177
1180
1309
1605
1742
1844
1854
1856
1898
1905
1911
1922
1936
1969
2059
2114
2119
2252
2386
2423
2429
2940
3081
3100
3130
3173
3218
3220
3504
3592
3622
3686
3836
3997
4395
4513
4537
4584
4594
4600
4605
4620
4634
4645
4654
4658
4688
4705
5036
5065
5080
5088
5136
5341
5502
5659
5703
5762
5873
5885
5926
5962
5967
5999
6095
6225
6260
6300
6676
6680
6690
6699
6723
6752
7476
7695
7791
7944
7974
8001
8182
8406
8459
8476
8505
8513
8618
8706
8752
8866
8885
9063
9145
9178
9234
9553
9554
9855
9955
10243
10315
10553
10763
10845
11274
11287
11357
11432
11853
11854
11903
11924
11953
11978
12016
12504
12612
12683
13040
13841
14881
14950
15059
15231
15310
15336
15433
15535
15564
16100
16385
16660
16778
16945
18303
18463
18589
18690
18692
19170
19242
19253
19410
19573
19590
19924
20042
20195
20322
20344
20373
20482
20523
20554
20572
20658
20683
20715
20835
20845
20869
20981
20998
21010
21132
21140
21142
21162
21249
21278
21293
21622
21785
22714
22736
22737
22770
22830
22918
22945
23051
23089
23098
23124
23199
23328
23518
23653
23709
23775
23804
23831
24090
24278
24497
24617
25035
25223
25754
25755
25862
26001
26383
26623
26797
26980
27115
27122
27414
27694
27891
28001
28067
28080
28084
28115
28755
28799
29382
29580
30185
30251
31154
31572
31801
32182
33608
33620
35742
35885
35897
37188
37242
38467
40404
41049
42230
43193
43464
43824
44479
44522
44556
45735
46197
46993
47529
47625
47632
47637
47644
47645
47652
47685
47702
47716
47747
47753
48363
48404
48423
48431
48888
49830
49976
49978
51256
52005
52176
52181
54081
54681
56142
57530
58153
59202
59759
60456
60990
61005
61339
61391
63134
63538
63701
63711
63776
63872
63995
65614
65644
66998
67435
67737
69166
69321
70234
70287
70323
70547
70806
71186
72482
73271
74025
74519
74675
74973
76073
77483
77487
77506
78315
79189
82602
83295
83925
84776
84972
85007
85744
87337
87952
87994
88006
88014
88016
88245
88586
90318
90437
90525
91173
91324
91514
92190
92282
92576
92719
92795
92802
92836
92854
92945
93660
93922
94044
94086
94602
94623
94666
95106
96302
96486
96488
96630
96772
96792
96795
97176
97204
97241
97349
99277
99894
101079
101081
101090
101092
101170
103109
103527
104344
104975
105992
106116
108236
108535
109380
110052
110071
111756
112722
116987
122211
123713
123715
125086
125258
126840
126852
126912
126997
127074
127315
127320
127365
130079
130975
133114
133258
135210
137908
139589
139592
139598
139606
139609
139621
139630
139633
139646
139660
139663
139669
139676
139685
139688
139690
139694
139718
139719
139724
139725
139727
139738
139740
139743
139746
139749
139752
139761
139762
139767
139776
139779
139785
139791
139792
139793
139797
139806
139816
139820
139824
139828
139832
139833
139838
139843
139846
139850
139853
139857
139871
139877
139881
139888
139889
139892
139901
139905
139909
139914
139917
139920
139941
139950
139956
139966
139977
139988
142365
145636
145955
145965
145998
148947
151393
151559
155179
155180
156355
156534
157639
162058
163957
166707
166978
166994
167383
167832
167882
169655
170326
170845
172775
175210
177005
177415
177688
178216
178554
179342
179998
180201
180211
181177
181384
181647
181664
181665
183004
183260
185858
186372
188354
190090
191971
191986
191996
192012
192015
192016
192017
192022
192024
193062
193401
193421
194502
196483
196484
196487
197425
202171
203239
203349
203605
203606
203608
203609
203630
203649
203664
203853
207458
207550
207557
207572
208672
210310
212975
212977
213869
214300
215165
216446
216526
217789
223319
223323
223327
223328
223333
223335
224017
224018
224411
225524
225964
226088
226142
229181
234817
234828
234831
234837
234839
234846
234867
234868
234873
237248
237952
242198
243484
245024
246343
246892
247270
248542
248543
249546
251889
258693
260371
264463
264522
268803
268831
268839
268857
276180
276545
277119
278688
279007
282577
285543
285824
287218
288989
295799
295888
300691
300692
300693
300694
300695
300697
300698
300699
300700
300701
300702
300703
300704
300705
300706
300708
300709
300710
300711
300712
300713
300714
300716
300717
300718
300719
300720
300722
300723
300725
300727
300728
300729
300731
300734
300735
300736
300737
300738
300740
300742
300744
300745
300746
300747
300748
300751
300753
300754
300755
300756
300757
300758
300759
300761
300762
301606
304467
307289
307545
307593
311427
319813
324523
330688
331437
333066
336827
341217
347729
353102
354332
365827
371989
373933
378682
379972
386156
386159
386161
386469
389256
389831
389832
389834
389836
389838
389841
389844
391348
394216
398511
414433
414687
414697
418687
423057
423059
423062
423063
423066
431115
440664
440885
441445
443566
447653
448847
448954
453582
456791
456797
458127
460557
469431
469433
469439
469449
469450
469451
469454
474638
476055
484916
484952
484990
484991
491203
492191
501122
507127
526519
532035
532238
532753
536226
542374
543552
552430
561457
561458
563207
573578
589570
598000
604402
604403
616616
616635
620810
621365
621468
623488
628352
628373
645203
651039
655500
